   -0.00259412
   -0.00253961
   -0.00343644
    0.00378562
   -0.00460998
   -0.00161048
   -0.00300621
   -0.00253693
   -0.00254079
    0.00407684
   -0.04870125
    0.00297551
   -0.04699017
    0.00406517
    0.04463818
    0.03946344
   -0.00239535
   -0.00239394
   -0.00253869
   -0.00259478
    0.00378728
   -0.00343656
   -0.00161155
   -0.00460880
    0.00407401
   -0.00254004
   -0.00253690
   -0.00300610
    0.00406539
   -0.04700102
    0.00297303
   -0.04870062
    0.03947654
    0.04463684
   -0.00323300
   -0.00122001
   -0.00121951
   -0.00323361
   -0.00244334
   -0.00253211
    0.00448329
   -0.00450395
   -0.00450412
    0.00448492
   -0.00253182
   -0.00244327
   -0.00255960
    0.00147341
    0.00480093
    0.00107134
    0.00445722
   -0.03747780
   -0.03299408
   -0.03743036
    0.03031698
    0.02669467
    0.02989355
   -0.04733932
    0.00340241
   -0.04671584
    0.03769887
    0.04054420
   -0.00256016
    0.00147280
    0.00107053
    0.00480070
   -0.03742981
   -0.03299410
   -0.03747863
    0.00445801
    0.02989397
    0.02669446
    0.03031618
   -0.04671506
    0.00340003
   -0.04734165
    0.04054255
    0.03770190
   -0.00241297
    0.00173384
    0.00495697
    0.00126363
    0.00446509
   -0.03752680
   -0.03305177
   -0.03728863
    0.03042725
    0.02658361
    0.02913660
   -0.04355232
    0.00421982
   -0.04788998
    0.03217300
    0.04389917
   -0.00241331
    0.00173352
    0.00126336
    0.00495830
   -0.03728608
   -0.03305095
   -0.03752812
    0.00446405
    0.02913502
    0.02658392
    0.03042824
   -0.04789023
    0.00421870
   -0.04355069
    0.04389884
    0.03216822
   -0.10316243
    0.02529099
    0.03411931
    0.03420338
    0.03344338
   -0.10108056
    0.03493991
    0.03492779
    0.03088482
   -0.10227638
    0.03588773
    0.03512330
    0.03219635
   -0.10316662
    0.02529003
    0.03344906
    0.03420323
    0.03411971
   -0.10227208
    0.03511946
    0.03588817
    0.03219190
   -0.10108773
    0.03492448
    0.03495244
    0.03088076
   -0.10561928
    0.02536034
    0.03549794
    0.03517238
    0.03410907
   -0.10512788
    0.03619705
    0.03546996
    0.03430854
   -0.10088350
    0.03681175
    0.03371446
    0.03223549
   -0.10562196
    0.02536249
    0.03411313
    0.03516983
    0.03550109
   -0.10088788
    0.03372713
    0.03680956
    0.03222918
   -0.10512169
    0.03547348
    0.03618855
    0.03430420
   -0.10362013
    0.02548251
    0.03492936
    0.03493612
    0.03280791
   -0.10475976
    0.03586151
    0.03546984
    0.03345801
   -0.10267822
    0.03662435
    0.03482842
    0.03335317
   -0.10362076
    0.02548268
    0.03281181
    0.03493607
    0.03492716
   -0.10267943
    0.03482935
    0.03662358
    0.03335433
   -0.10475843
    0.03546968
    0.03586159
    0.03345688
