           1           2   1.2526272158575673     
           2           3   1.2358954627600460     
           3           4   1.2582783852164372     
           4           5   1.1742166479270428     
           1           6   1.1969903091485745     
           5           6   1.3645895630526206     
           6           7   1.1939748388959532     
           7           8   1.2751316232023946     
           8           9   1.2185540069035832     
           5          10   1.1677434859351874     
           9          10   1.2636432176237917     
           4          11   1.3450935741968948     
          11          12   1.4248747737890852     
          12          13   1.4032697271960444     
           3          14   1.2486960028507794     
          13          14   1.3589912346377058     
          11          15  0.95534773121279803     
          13          16  0.95235409995997011     
           2          17   1.2592184463370479     
          17          18   1.2837632981040823     
          18          19   1.2592163617077539     
           1          20   1.2894976482492431     
          19          20   1.2526282546843850     
          19          22   1.2358964175470772     
          21          22   1.2582722326083873     
          20          23   1.1969882350698469     
          21          24   1.1742291936815072     
          23          24   1.3645747556095682     
          24          25   1.1677468354565925     
          25          26   1.2636600169727004     
          26          27   1.2185599161069833     
           7          28   1.2737703162033935     
          23          28   1.1939903420481142     
          27          28   1.2751166999313612     
          22          29   1.2486990809309917     
          29          30   1.3589953132514589     
          30          31   1.4032454928413096     
          21          32   1.3450827102983187     
          31          32   1.4248940301445054     
          30          33  0.95233892468882586     
          32          34  0.95534988973847257     
          18          36   1.1958822348485088     
          35          36   1.1905593980426648     
          17          37   1.1958752178874272     
          35          38   1.2761208558699617     
          37          38   1.1905718712585840     
          38          39   1.2755491817691043     
          39          40   1.2171980023316726     
          40          41   1.2573526311522691     
          14          42   1.1752574365042960     
          37          42   1.3691773333495423     
          41          42   1.1606574662815814     
          29          43   1.1752513571729875     
          36          43   1.3691810745620345     
          43          44   1.1606620085303001     
          44          45   1.2573109095518198     
          35          46   1.2755642779359231     
          45          46   1.2171972042343648     
          39          47   1.2496162981725014     
          40          48   1.2713011898226583     
          48          49   1.1137738232498622     
          47          50   1.1918579744980333     
          49          50   1.2812523049302493     
          50          51   1.2817681977022453     
          51          52   1.3719115145807150     
          52          53   1.4460333622622694     
          49          54   1.3857416141791175     
          53          54   1.4315375805677080     
          52          55  0.96244814122176692     
          53          56  0.97081849594061465     
          54          57  0.96424096092875500     
          48          58   1.3968328634961420     
          58          59   1.3913215388846836     
          41          60   1.3552925042400981     
          59          60   1.4271028336968119     
          58          61  0.95734334740378857     
          60          62  0.95312882517229691     
          46          63   1.2496021116113765     
          47          63   1.2993834748453825     
          45          64   1.2713436646909739     
          63          65   1.1918703890543580     
          64          66   1.1137720382529557     
          65          66   1.2812515451724276     
          66          67   1.3857356288443106     
          67          68   1.4315481994402055     
          68          69   1.4460179640022932     
          51          70   1.1276666045623884     
          65          70   1.2817538452277151     
          69          70   1.3719260897845804     
          67          71  0.96424388877576406     
          68          72  0.97081857463193355     
          69          73  0.96244819786541036     
          44          74   1.3553356155968430     
          74          75   1.4270477280889029     
          64          76   1.3967832295989489     
          75          76   1.3913728600697624     
          74          77  0.95312090129396121     
          76          78  0.95734737565402273     
          27          79   1.2490990521431016     
          26          80   1.2643863878890038     
          80          81   1.1134294088026087     
          79          82   1.1913809022210300     
          81          82   1.2808562156442398     
          82          83   1.2827700756233107     
          83          84   1.3710095824344803     
          84          85   1.4470891066666971     
          81          86   1.3869394835160542     
          85          86   1.4306678664845669     
          84          87  0.96211300521319831     
          85          88  0.97080319690987438     
          86          89  0.96410519737570577     
          80          90   1.4078747889122036     
          90          91   1.3772604903844228     
          25          92   1.3418536423152352     
          91          92   1.4422847580100224     
          90          93  0.95722401622022257     
          92          94  0.95533958547068720     
           8          95   1.2490914243625353     
          79          95   1.3007762067914899     
           9          96   1.2644051802727820     
          95          97   1.1913886666220397     
          96          98   1.1134277954486658     
          97          98   1.2808478360151625     
          98          99   1.3869455119302145     
          99         100   1.4306623116011488     
         100         101   1.4470919249503644     
          83         102   1.1277672050277094     
          97         102   1.2827688978732448     
         101         102   1.3710089128918983     
          99         103  0.96410858898920071     
         100         104  0.97080303614876606     
         101         105  0.96211278348090123     
          10         106   1.3418746131029242     
         106         107   1.4422627413323406     
          96         108   1.4078533535630755     
         107         108   1.3772798226884091     
         106         109  0.95533999970341499     
         108         110  0.95723073685329585     
          31         112  0.97950086639641132     
         111         112  0.99957136344124331     
         111         113  0.98417065690574512     
         111         114  0.98425941993032617     
         111         115  0.97618658654011092     
         112         116  0.98718251555626912     
         116         117  0.97347853241730320     
         116         118  0.98463832995831857     
         116         119  0.98674442248843719     
         112         120  0.98855487221054683     
         120         121  0.98433807660992378     
         120         122  0.98155163633641584     
         120         123  0.98650790759930107     
          12         125  0.97950028925556654     
         124         125  0.99957044389681671     
         124         126  0.97617806584327005     
         124         127  0.98426142500569680     
         124         128  0.98417506709176916     
         125         129  0.98854081729767218     
         129         130  0.98156707103467356     
         129         131  0.98433632928975867     
         129         132  0.98650973436435863     
         125         133  0.98719885903517723     
         133         134  0.98463882676408809     
         133         135  0.97346796816277548     
         133         136  0.98674541148457828     
          59         138  0.98204302739498994     
         137         138  0.99740446588942588     
         137         139  0.98615457322289957     
         137         140  0.98421659606581369     
         137         141  0.98271057746512813     
         138         142  0.99300819681898966     
         142         143  0.97804469970750962     
         142         144  0.98419658849284652     
         142         145  0.98688676032586609     
         138         146  0.98404723258310978     
         146         147  0.98430760526594097     
         146         148  0.97856105589448550     
         146         149  0.98638686972847189     
          75         151  0.98204561404772317     
         150         151  0.99741332801504612     
         150         152  0.98271355753098277     
         150         153  0.98421664258876596     
         150         154  0.98615183944846252     
         151         155  0.98405402388093555     
         155         156  0.97855196982940917     
         155         157  0.98430903521816859     
         155         158  0.98638953110250316     
         151         159  0.99299125047472425     
         159         160  0.98419684211092651     
         159         161  0.97805051604395810     
         159         162  0.98688739855043295     
          91         164  0.98214721044340969     
         163         164  0.99918524617412141     
         163         165  0.98544663685758516     
         163         166  0.98416818043076681     
         163         167  0.97618294308390419     
         164         168  0.98988209516720094     
         168         169  0.98201747237082637     
         168         170  0.98454844421895071     
         168         171  0.98710956480023893     
         164         172  0.98545852728189831     
         172         173  0.98438571093336535     
         172         174  0.98489961386537694     
         172         175  0.98542635369679443     
         107         177  0.98214454579665578     
         176         177  0.99918519956471363     
         176         178  0.97617589108300207     
         176         179  0.98416732126744289     
         176         180  0.98544714488877272     
         177         181  0.98545773105690582     
         181         182  0.98489858421763810     
         181         183  0.98438536897154383     
         181         184  0.98542409476264026     
         177         185  0.98988458236038401     
         185         186  0.98454838939655354     
         185         187  0.98202060693617765     
         185         188  0.98710889049290840     
