   -0.04257243
   -0.04256932
   -0.03795684
   -0.02916531
   -0.03737205
    0.00834056
    0.00111150
    0.01252708
    0.02970578
    0.02828254
    0.03265374
    0.00493480
   -0.04563756
    0.01288951
    0.00511134
    0.03023365
   -0.03394306
   -0.03105255
   -0.02986463
   -0.03604384
    0.03263922
    0.02836549
    0.02899373
    0.03004120
   -0.03882515
    0.03059062
   -0.00024843
    0.03523698
   -0.03182829
   -0.03007271
   -0.03134855
   -0.02953936
   -0.03046427
    0.01591506
    0.03055419
    0.02954889
    0.02823925
    0.02880130
    0.03121886
   -0.03795672
   -0.02916508
   -0.03737145
    0.00834184
    0.00111157
    0.01252748
    0.02970573
    0.02828257
    0.03265119
    0.00493333
   -0.04563756
    0.01288973
    0.00511134
    0.03023348
   -0.03394287
   -0.03105270
   -0.02986459
   -0.03604388
    0.03263903
    0.02836542
    0.02899369
    0.03004122
   -0.03882521
    0.03059119
   -0.00024636
    0.03523610
   -0.03182683
   -0.03007238
   -0.03134881
   -0.02953844
   -0.03046642
    0.01591551
    0.03055342
    0.02954989
    0.02824017
    0.02879926
    0.03121520
