           1           2   2.6555978618685678     
           3           4   1.4498209717118606     
           4           5   1.4453202800247071     
           5           6   1.2864445159821949     
           6           7   1.2477982107114860     
           3           8   1.2825220713050332     
           7           8   1.2106576688526700     
           3           9  0.96942969872481788     
           4          10  0.96982193509237424     
           5          11  0.96644216449848064     
           7          12   1.2735408753267587     
           8          13   1.3323954655873929     
          13          14   1.3201128331605887     
          12          15   1.1538992988277188     
          14          15   1.2367708647276401     
          13          16  0.96654280032598427     
          15          17   1.3495554293892580     
          17          18   1.4956829520596497     
          18          19   1.3424034893214656     
          14          20   1.2659252676252237     
          17          20  0.10363246942132630     
          19          20   1.5417515088011231     
          17          21  0.96194958186260671     
          18          22  0.97164827482445670     
          19          23  0.97071895348027482     
          20          24  0.96866985080087475     
          12          25   1.3629912768690953     
           2          26   1.1252879988867006     
          25          26   1.3463422380171541     
           6          27   1.2621263477767100     
          26          27   1.3378233469983964     
          25          28  0.96074645340812603     
          29          30   1.4484997426979256     
          30          31   1.4348971928193062     
          29          32  0.10795644005575808     
          31          32   1.4342796612867590     
          30          33  0.10895803244505831     
          32          33   1.4496043199271629     
          27          34   1.0408916517715971     
          29          34   1.3880661110453023     
          31          34  0.10619183873090443     
          33          34   1.3870213598854904     
          29          35  0.96982905147747589     
          30          36  0.97057492658092692     
          31          37  0.97163958544756657     
          32          38  0.97032600127812119     
          33          39  0.96975271823812981     
          40          41   1.4498195660031348     
          41          42   1.4453223293020960     
          42          43   1.2864438453079694     
          43          44   1.2478034219470504     
          40          45   1.2825238960824703     
          44          45   1.2106585327710517     
          40          46  0.96942953123798981     
          41          47  0.96982180717120470     
          42          48  0.96644235756573249     
          44          49   1.2735336946529787     
          45          50   1.3323927959362538     
          50          51   1.3201119179141663     
          49          52   1.1538941582457556     
          51          52   1.2367711466406046     
          50          53  0.96654272005552311     
          52          54   1.3495598065233028     
          54          55   1.4956792230266769     
          55          56   1.3424056629282302     
          51          57   1.2659259012351791     
          54          57  0.10363162608891299     
          56          57   1.5417496425498172     
          54          58  0.96195056425638470     
          55          59  0.97164823159175562     
          56          60  0.97071892720337694     
          57          61  0.96866982143765212     
          49          62   1.3630101125042366     
           1          63   1.1252906427652121     
          62          63   1.3463136674430329     
          43          64   1.2621206313421549     
          63          64   1.3378536804086500     
          62          65  0.96074809308292841     
          66          67   1.4484975897577834     
          67          68   1.4348979406115505     
          66          69  0.10795873695881823     
          68          69   1.4342851227387299     
          67          70  0.10896114745747304     
          69          70   1.4495991368478980     
          64          71   1.0408680748292234     
          66          71   1.3880780604538541     
          68          71  0.10619527390447275     
          70          71   1.3870344128970231     
          66          72  0.96983044960352682     
          67          73  0.97057530782550805     
          68          74  0.97163961957090450     
          69          75  0.97032552329654687     
          70          76  0.96975599330200568     
